/home/bayk/Optimization_methods/MO_lab05/cmake-build-debug/MO_lab05
+-----+--------+------------------------+--------+--------+
|  h  |  dist  |         alpha          |    w   |    d   |
+-----+--------+------------------------+--------+--------+
| 0.0 | 2.0487 | 0.0012, 0.9976, 0.0012 | 2.0487 | 0.0004 |
| 0.1 | 0.7786 | 0.2383, 0.5233, 0.2383 | 0.7739 | 0.0858 |
| 0.2 | 0.6976 | 0.2732, 0.4536, 0.2732 | 0.6907 | 0.0984 |
| 0.3 | 0.6869 | 0.2831, 0.4338, 0.2831 | 0.6793 | 0.1020 |
| 0.4 | 0.6841 | 0.2874, 0.4253, 0.2874 | 0.6762 | 0.1035 |
| 0.5 | 0.6827 | 0.2908, 0.4183, 0.2908 | 0.6746 | 0.1047 |
| 0.6 | 0.6822 | 0.2927, 0.4147, 0.2927 | 0.6740 | 0.1054 |
| 0.7 | 0.6821 | 0.2934, 0.4132, 0.2934 | 0.6739 | 0.1057 |
| 0.8 | 0.6819 | 0.2957, 0.4085, 0.2957 | 0.6736 | 0.1065 |
| 0.9 | 0.6820 | 0.2967, 0.4066, 0.2967 | 0.6736 | 0.1069 |
| 1.0 | 0.6820 | 0.2962, 0.4075, 0.2962 | 0.6736 | 0.1067 |
+-----+--------+------------------------+--------+--------+

+-----+--------+--------+--------+
|  h* |    J   |    w   |    d   |
+-----+--------+--------+--------+
| 0.8 | 0.5602 | 0.6736 | 0.1065 |
+-----+--------+--------+--------+


+-----+--------+----------------------------------------+--------+--------+
|  h  |  dist  |                 alpha                  |    w   |    d   |
+-----+--------+----------------------------------------+--------+--------+
| 0.0 | 1.9950 | 0.0001, 0.0005, 0.9989, 0.0005, 0.0001 | 1.9950 | 0.0002 |
| 0.1 | 0.5223 | 0.1055, 0.2026, 0.3838, 0.2026, 0.1055 | 0.5133 | 0.0969 |
| 0.2 | 0.4483 | 0.1106, 0.2313, 0.3162, 0.2313, 0.1106 | 0.4351 | 0.1079 |
| 0.3 | 0.4338 | 0.1371, 0.2232, 0.2793, 0.2232, 0.1371 | 0.4189 | 0.1125 |
| 0.4 | 0.4336 | 0.1309, 0.2276, 0.2830, 0.2276, 0.1309 | 0.4189 | 0.1122 |
| 0.5 | 0.4323 | 0.1345, 0.2279, 0.2752, 0.2279, 0.1345 | 0.4172 | 0.1133 |
| 0.6 | 0.4330 | 0.1292, 0.2359, 0.2698, 0.2359, 0.1292 | 0.4176 | 0.1145 |
| 0.7 | 0.4333 | 0.1387, 0.2349, 0.2527, 0.2349, 0.1387 | 0.4173 | 0.1168 |
| 0.8 | 0.4327 | 0.1392, 0.2243, 0.2730, 0.2243, 0.1392 | 0.4176 | 0.1134 |
| 0.9 | 0.4321 | 0.1350, 0.2281, 0.2738, 0.2281, 0.1350 | 0.4170 | 0.1135 |
| 1.0 | 0.4323 | 0.1332, 0.2343, 0.2651, 0.2343, 0.1332 | 0.4167 | 0.1151 |
+-----+--------+----------------------------------------+--------+--------+

+-----+--------+--------+--------+
|  h* |    J   |    w   |    d   |
+-----+--------+--------+--------+
| 0.9 | 0.3866 | 0.4170 | 0.1135 |
+-----+--------+--------+--------+



Process finished with exit code 0

