0 0.5 0.265341 0.255629
0.0314159 0.531411 0.43678 0.39635
0.0628319 0.562791 0.617395 0.493681
0.0942478 0.594108 0.558582 0.568635
0.125664 0.625333 0.457589 0.588865
0.15708 0.656434 0.826113 0.609061
0.188496 0.687381 0.476917 0.657021
0.219911 0.718143 0.698483 0.71451
0.251327 0.74869 0.866005 0.781746
0.282743 0.778991 0.780876 0.841586
0.314159 0.809017 1.05782 0.873652
0.345575 0.838738 0.701227 0.878372
0.376991 0.868125 0.955818 0.870936
0.408407 0.897148 0.901123 0.869925
0.439823 0.925779 0.747612 0.901981
0.471239 0.95399 1.03688 0.925307
0.502655 0.981754 0.934783 0.941858
0.534071 1.00904 1.00741 0.93964
0.565487 1.03583 0.879175 0.953415
0.596903 1.06208 0.815321 0.998133
0.628319 1.08779 1.26471 1.08824
0.659734 1.11291 1.11024 1.17975
0.69115 1.13742 1.36328 1.24343
0.722566 1.16131 1.23154 1.21652
0.753982 1.18455 1.2242 1.22858
0.785398 1.20711 1.03141 1.24041
0.816814 1.22897 1.43092 1.29998
0.84823 1.25011 1.37869 1.32833
0.879646 1.27051 1.43095 1.36403
0.911062 1.29016 1.17636 1.37129
0.942478 1.30902 1.45369 1.39316
0.973894 1.32708 1.51921 1.39933
1.00531 1.34433 1.3859 1.39425
1.03673 1.36074 1.31002 1.37925
1.06814 1.37631 1.28291 1.3606
1.09956 1.39101 1.53119 1.36934
1.13097 1.40483 1.29013 1.36607
1.16239 1.41775 1.38025 1.33883
1.19381 1.42978 1.3003 1.34583
1.22522 1.44088 1.20985 1.37578
1.25664 1.45106 1.66544 1.39679
1.28805 1.46029 1.34598 1.42817
1.31947 1.46858 1.35005 1.47272
1.35088 1.47592 1.54434 1.4792
1.3823 1.48229 1.62195 1.49914
1.41372 1.48769 1.45734 1.47597
1.44513 1.49211 1.39343 1.46982
1.47655 1.49556 1.33825 1.47413
1.50796 1.49803 1.71604 1.48795
1.53938 1.49951 1.49417 1.51393
1.5708 1.5 1.36228 1.49018
1.60221 1.49951 1.64445 1.42933
1.63363 1.49803 1.25637 1.40395
1.66504 1.49556 1.3337 1.41347
1.69646 1.49211 1.45728 1.41362
1.72788 1.48769 1.53569 1.44506
1.75929 1.48229 1.41107 1.44541
1.79071 1.47592 1.40939 1.41468
1.82212 1.46858 1.41152 1.4039
1.85354 1.46029 1.31587 1.3942
1.88496 1.45106 1.52074 1.36815
1.91637 1.44088 1.29484 1.33391
1.94779 1.42978 1.22749 1.33126
1.9792 1.41775 1.29536 1.3296
2.01062 1.40483 1.47441 1.33214
2.04204 1.39101 1.36168 1.36008
2.07345 1.37631 1.16045 1.39291
2.10487 1.36074 1.56563 1.39564
2.13628 1.34433 1.54385 1.42439
2.1677 1.32708 1.23175 1.44892
2.19911 1.30902 1.53288 1.42366
2.23053 1.29016 1.47041 1.37272
2.26195 1.27051 1.32722 1.32735
2.29336 1.25011 1.12179 1.24414
2.32478 1.22897 1.22765 1.20654
2.35619 1.20711 1.15348 1.21755
2.38761 1.18455 1.27587 1.24205
2.41903 1.16131 1.32766 1.2406
2.45044 1.13742 1.19284 1.20611
2.48186 1.11291 1.17224 1.16986
2.51327 1.08779 1.01515 1.12054
2.54469 1.06208 1.22978 1.08212
2.57611 1.03583 0.990103 1.00965
2.60752 1.00904 0.961104 0.98086
2.63894 0.981754 0.753936 0.910537
2.67035 0.95399 1.13978 0.884666
2.70177 0.925779 0.675844 0.843539
2.73319 0.897148 0.864469 0.820667
2.7646 0.868125 0.737391 0.791423
2.79602 0.838738 0.798089 0.837464
2.82743 0.809017 0.881918 0.857196
2.85885 0.778991 0.984289 0.879064
2.89027 0.74869 0.811997 0.831187
2.92168 0.718143 0.85511 0.745923
2.9531 0.687381 0.520289 0.641281
2.98451 0.656434 0.555675 0.562417
3.01593 0.625333 0.499327 0.49518
3.04734 0.594108 0.461163 0.458194
3.07876 0.562791 0.416921 0.440354
3.11018 0.531411 0.354928 0.44053
3.14159 0.5 0.538081 0.450489
