0 0.5 0.461848 0.325102
0.0314159 0.531411 0.461293 0.432139
0.0628319 0.562791 0.362154 0.457505
0.0942478 0.594108 0.585444 0.566045
0.125664 0.625333 0.743137 0.718571
0.15708 0.656434 0.817758 0.693446
0.188496 0.687381 0.472019 0.662831
0.219911 0.718143 0.771506 0.670853
0.251327 0.74869 0.730637 0.74349
0.282743 0.778991 0.733229 0.690451
0.314159 0.809017 0.591167 0.639481
0.345575 0.838738 0.612476 0.634492
0.376991 0.868125 0.708233 0.713823
0.408407 0.897148 0.822892 0.826127
0.439823 0.925779 0.948489 0.94275
0.471239 0.95399 1.05468 1.03785
0.502655 0.981754 1.10398 1.10683
0.534071 1.00904 1.16291 1.16079
0.565487 1.03583 1.21465 1.14891
0.596903 1.06208 1.04407 1.11241
0.628319 1.08779 1.10458 1.04433
0.659734 1.11291 0.961352 1.05936
0.69115 1.13742 1.14954 1.06077
0.722566 1.16131 1.03755 1.06533
0.753982 1.18455 1.01948 1.13741
0.785398 1.20711 1.40019 1.30457
0.816814 1.22897 1.45755 1.43289
0.84823 1.25011 1.43151 1.34786
0.879646 1.27051 1.1226 1.21804
0.911062 1.29016 1.13642 1.21387
0.942478 1.30902 1.41213 1.32435
0.973894 1.32708 1.39101 1.39119
1.00531 1.34433 1.37048 1.4236
1.03673 1.36074 1.52958 1.38445
1.06814 1.37631 1.19793 1.32174
1.09956 1.39101 1.28496 1.31838
1.13097 1.40483 1.48499 1.36828
1.16239 1.41775 1.29037 1.4475
1.19381 1.42978 1.62709 1.42172
1.22522 1.44088 1.26934 1.45644
1.25664 1.45106 1.54426 1.51082
1.28805 1.46029 1.70611 1.54913
1.31947 1.46858 1.33713 1.5415
1.35088 1.47592 1.65923 1.48845
1.3823 1.48229 1.40385 1.54594
1.41372 1.48769 1.62895 1.53197
1.44513 1.49211 1.52612 1.49134
1.47655 1.49556 1.3057 1.44594
1.50796 1.49803 1.55951 1.45571
1.53938 1.49951 1.46233 1.51467
1.5708 1.5 1.54213 1.45998
1.60221 1.49951 1.34414 1.46632
1.63363 1.49803 1.5593 1.42377
1.66504 1.49556 1.31616 1.43149
1.69646 1.49211 1.46298 1.47494
1.72788 1.48769 1.65025 1.47531
1.75929 1.48229 1.24597 1.42342
1.79071 1.47592 1.44172 1.41956
1.82212 1.46858 1.56254 1.45688
1.85354 1.46029 1.32606 1.45132
1.88496 1.45106 1.51313 1.42563
1.91637 1.44088 1.40431 1.502
1.94779 1.42978 1.62583 1.45095
1.9792 1.41775 1.25598 1.37456
2.01062 1.40483 1.28709 1.23992
2.04204 1.39101 1.15869 1.25574
2.07345 1.37631 1.35848 1.36772
2.10487 1.36074 1.58951 1.42108
2.13628 1.34433 1.25097 1.35758
2.1677 1.32708 1.27293 1.22494
2.19911 1.30902 1.1326 1.29458
2.23053 1.29016 1.54 1.32258
2.26195 1.27051 1.21218 1.30323
2.29336 1.25011 1.19224 1.26316
2.32478 1.22897 1.41213 1.32479
2.35619 1.20711 1.33669 1.26957
2.38761 1.18455 1.03429 1.15157
2.41903 1.16131 1.12847 1.15937
2.45044 1.13742 1.32715 1.25755
2.48186 1.11291 1.29048 1.29944
2.51327 1.08779 1.28413 1.21981
2.54469 1.06208 1.06029 1.05188
2.57611 1.03583 0.808027 0.949161
2.60752 1.00904 1.03301 0.971665
2.63894 0.981754 1.05056 1.0196
2.67035 0.95399 0.963413 0.959284
2.70177 0.925779 0.862304 0.93174
2.73319 0.897148 0.995991 0.985249
2.7646 0.868125 1.09335 0.929181
2.79602 0.838738 0.635573 0.885711
2.82743 0.809017 1.02363 0.847554
2.85885 0.778991 0.816292 0.865487
2.89027 0.74869 0.775306 0.818037
2.92168 0.718143 0.878813 0.828712
2.9531 0.687381 0.812905 0.833108
2.98451 0.656434 0.815312 0.815997
3.01593 0.625333 0.820035 0.71458
3.04734 0.594108 0.468162 0.645749
3.07876 0.562791 0.716794 0.549318
3.11018 0.531411 0.399111 0.543566
3.14159 0.5 0.569901 0.489433
